0   0.115203   1.3
100   0.00145186   1.3
200   0.290095   1.3
300   1.75847   1.3
400   3.05121   1.3
500   0.879438   1.3
600   3.4086   1.3
700   0.54372   1.3
800   0.0570111   1.3
900   0.0123651   1.3
1000   0.420966   1.3
1100   0.678853   1.3
1200   0.139249   1.3
1300   0.120908   1.3
1400   0.234199   1.3
1500   0.13047   1.3
1600   0.460978   1.3
1700   0.0388534   1.3
1800   2.95177   1.3
1900   0.94295   1.3
2000   0.0168328   1.3
2100   0.0385028   1.3
2200   0.469455   1.3
2300   0.275144   1.3
2400   0.000875138   1.3
2500   0.123076   1.3
2600   0.0144616   1.3
2700   0.459416   1.3
2800   0.162974   1.3
2900   1.27895   1.3
3000   0.284744   1.3
3100   0.00802495   1.3
3200   0.0512175   1.3
3300   0.284274   1.3
3400   0.308584   1.3
3500   0.260343   1.3
3600   0.249718   1.3
3700   0.816619   1.3
3800   1.3983   1.3
3900   0.104258   1.3
4000   0.292538   1.3
4100   2.19887   1.3
4200   0.155955   1.3
4300   1.79187   1.3
4400   0.0105847   1.3
4500   0.259926   1.3
4600   0.153175   1.3
4700   0.0464982   1.3
4800   0.107687   1.3
4900   0.0411586   1.3
5000   0.751635   1.3
5100   2.26176   1.3
5200   0.72831   1.3
5300   1.23286   1.3
5400   0.0240724   1.3
5500   0.0690777   1.3
5600   0.124579   1.3
5700   0.0944741   1.3
5800   0.142039   1.3
5900   0.000339925   1.3
6000   0.481349   1.3
6100   1.23477   1.3
6200   0.202145   1.3
6300   0.713949   1.3
6400   0.423014   1.3
6500   0.0323328   1.3
6600   0.560279   1.3
6700   0.443174   1.3
6800   0.306811   1.3
6900   0.00137679   1.3
7000   0.26376   1.3
7100   0.0479372   1.3
7200   7.01758e-06   1.3
7300   0.919815   1.3
7400   0.240183   1.3
7500   0.0351094   1.3
7600   0.364552   1.3
7700   0.196496   1.3
7800   0.867276   1.3
7900   0.465255   1.3
8000   0.827311   1.3
8100   0.00276806   1.3
8200   1.57479   1.3
8300   0.865419   1.3
8400   0.000127181   1.3
8500   0.00155125   1.3
8600   1.17638   1.3
8700   1.04177   1.3
8800   1.45361   1.3
8900   0.389495   1.3
9000   0.570931   1.3
9100   2.4304   1.3
9200   0.659807   1.3
9300   0.645762   1.3
9400   0.259225   1.3
9500   0.1318   1.3
9600   0.0177292   1.3
9700   0.274731   1.3
9800   0.505984   1.3
9900   0.230803   1.3
