0   0.797661
100   -0.0961197
200   -0.645628
300   0.168503
400   -0.498674
500   0.447479
600   -1.15855
700   -0.965516
800   0.404228
900   0.281044
1000   -0.158281
1100   0.891441
1200   0.979032
1300   0.255342
1400   -0.0415532
1500   0.348307
1600   1.98154
1700   -0.408917
1800   0.597709
1900   -0.177908
2000   0.434818
2100   0.60908
2200   -0.659925
2300   0.413505
2400   -1.04974
2500   0.562989
2600   0.510388
2700   -0.451185
2800   -0.422311
2900   0.408942
3000   0.770192
3100   0.697442
3200   0.762423
3300   1.41582
3400   -0.0653049
3500   0.0109795
3600   0.305132
3700   0.280409
3800   1.09461
3900   -0.535225
4000   -0.271427
4100   0.483129
4200   1.38413
4300   -0.482696
4400   -0.0915646
4500   0.267657
4600   -0.399112
4700   1.13748
4800   -0.510876
4900   0.512556
5000   0.750265
5100   0.947999
5200   -0.605589
5300   1.14596
5400   -0.208775
5500   -0.327744
5600   -0.400346
5700   0.376943
5800   0.59721
5900   0.0992221
6000   -0.216413
6100   0.0071501
6200   -0.651066
6300   -0.161489
6400   -0.148584
6500   -0.299714
6600   0.671121
6700   -0.516905
6800   -0.366475
6900   0.297846
7000   0.31247
7100   0.916337
7200   0.882187
7300   -0.806947
7400   0.598361
7500   -0.544381
7600   -0.38563
7700   -1.22399
7800   -1.62267
7900   -0.0644983
8000   1.40765
8100   0.699905
8200   0.581169
8300   -0.418156
8400   0.495377
8500   0.965663
8600   -0.101617
8700   -0.425239
8800   0.225698
8900   -1.14389
9000   0.679977
9100   -0.00490645
9200   0.765263
9300   1.49196
9400   -0.444335
9500   -0.930981
9600   0.075516
9700   0.95933
9800   0.172126
9900   -0.852562
